1 12
3 12
4 12
5 12
10 12
11 12
0 13
1 13
3 13
4 13
5 13
7 13
8 13
9 13
10 13
1 14
3 14
4 14
5 14
10 14
0 15
3 15
4 15
5 15
10 15
0 16
1 16
2 16
3 16
4 16
5 16
8 16
9 16
10 16
0 17
4 17
5 17
10 17
0 18
1 18
3 18
4 18
5 18
6 18
7 18
8 18
9 18
10 18
1 12
3 12
4 12
5 12
10 12
11 12
0 13
1 13
3 13
4 13
5 13
7 13
8 13
9 13
10 13
1 14
3 14
4 14
5 14
10 14
0 15
3 15
4 15
5 15
10 15
0 16
1 16
2 16
3 16
4 16
5 16
8 16
9 16
10 16
0 17
4 17
5 17
10 17
0 18
1 18
3 18
4 18
5 18
6 18
7 18
8 18
9 18
10 18
1 12
3 12
4 12
5 12
10 12
11 12
0 13
1 13
3 13
4 13
5 13
7 13
8 13
9 13
10 13
1 14
3 14
4 14
5 14
10 14
0 15
3 15
4 15
5 15
10 15
0 16
1 16
2 16
3 16
4 16
5 16
8 16
9 16
10 16
0 17
4 17
5 17
10 17
0 18
1 18
3 18
4 18
5 18
6 18
7 18
8 18
9 18
10 18
1 12
3 12
4 12
5 12
10 12
11 12
0 13
1 13
3 13
4 13
5 13
7 13
8 13
9 13
10 13
1 14
3 14
4 14
5 14
10 14
0 15
3 15
4 15
5 15
10 15
0 16
1 16
2 16
3 16
4 16
5 16
8 16
9 16
10 16
0 17
4 17
5 17
10 17
0 18
1 18
3 18
4 18
5 18
6 18
7 18
8 18
9 18
10 18
1 12
3 12
4 12
5 12
10 12
11 12
0 13
1 13
3 13
4 13
5 13
7 13
8 13
9 13
10 13
1 14
3 14
4 14
5 14
10 14
0 15
3 15
4 15
5 15
10 15
0 16
1 16
2 16
3 16
4 16
5 16
8 16
9 16
10 16
0 17
4 17
5 17
10 17
0 18
1 18
3 18
4 18
5 18
6 18
7 18
8 18
9 18
10 18
